487,3
487,2
487,1
487,0
486,3
486,2
486,1
486,0
485,3
485,2
485,1
485,0
484,3
484,2
484,1
484,0
483,3
483,2
483,1
483,0
482,4
482,3
482,2
482,1
482,0
481,4
481,3
481,2
481,1
481,0
480,3
480,2
480,1
480,0
479,3
479,2
479,1
479,0
478,3
478,2
478,1
478,0
477,3
477,2
477,1
477,0
476,3
476,2
476,1
476,0
475,3
475,2
475,1
475,0
474,4
474,3
474,2
474,1
474,0
473,4
473,3
473,2
473,1
473,0
472,3
472,2
472,1
472,0
471,3
471,2
471,1
471,0
470,3
470,2
470,1
470,0
469,3
469,2
469,1
469,0
468,3
468,2
468,1
468,0
467,3
467,2
467,1
467,0
466,4
466,3
466,2
466,1
466,0
465,4
465,3
465,2
465,1
465,0
464,3
464,2
464,1
464,0
463,3
463,2
463,1
463,0
462,3
462,2
462,1
462,0
461,3
461,2
461,1
461,0
460,3
460,2
460,1
460,0
459,3
459,2
459,1
459,0
458,4
458,3
458,2
458,1
458,0
457,4
457,3
457,2
457,1
457,0
456,3
456,2
456,1
456,0
455,3
455,2
455,1
455,0
454,3
454,2
454,1
454,0
453,3
453,2
453,1
453,0
452,3
452,2
452,1
452,0
451,3
451,2
451,1
451,0
450,4
450,3
450,2
450,1
450,0
449,4
449,3
449,2
449,1
449,0
448,3
448,2
448,1
448,0
447,3
447,2
447,1
447,0
446,3
446,2
446,1
446,0
445,3
445,2
445,1
445,0
444,3
444,2
444,1
444,0
443,3
443,2
443,1
443,0
442,4
442,3
442,2
442,1
442,0
441,4
441,3
441,2
441,1
441,0
440,3
440,2
440,1
440,0
0,565
439,3
439,2
439,1
439,0
438,3
438,2
438,1
438,0
437,3
437,2
437,1
437,0
436,3
436,2
436,1
436,0
435,3
435,2
435,1
435,0
434,4
434,3
434,2
434,1
434,0
433,4
433,3
433,2
433,1
433,0
432,3
432,2
432,1
432,0
431,3
431,2
431,1
431,0
430,3
430,2
430,1
430,0
0,564
429,3
429,2
429,1
429,0
428,3
428,2
428,1
428,0
427,3
427,2
427,1
427,0
426,4
426,3
426,2
426,1
426,0
425,4
425,3
425,2
425,1
425,0
424,3
424,2
424,1
424,0
0,563
423,3
423,2
423,1
423,0
422,3
422,2
422,1
422,0
0,562
421,3
421,2
421,1
421,0
420,3
420,2
420,1
420,0
419,3
419,2
419,1
419,0
0,561
418,4
418,3
418,2
418,1
418,0
417,4
417,3
417,2
417,1
417,0
416,3
416,2
416,1
416,0
415,3
415,2
415,1
415,0
414,3
414,2
414,1
414,0
413,3
413,2
413,1
413,0
412,3
412,2
412,1
412,0
411,3
411,2
411,1
411,0
410,4
410,3
410,2
410,1
410,0
409,4
409,3
409,2
409,1
409,0
408,3
408,2
408,1
408,0
0,560
407,3
407,2
407,1
407,0
406,3
406,2
406,1
406,0
405,3
405,2
405,1
405,0
404,3
404,2
404,1
404,0
403,3
403,2
403,1
403,0
402,4
402,3
402,2
402,1
402,0
401,4
401,3
401,2
401,1
401,0
400,3
400,2
400,1
400,0
0,559
399,3
399,2
399,1
399,0
398,3
398,2
398,1
398,0
397,3
397,2
397,1
397,0
396,3
396,2
396,1
396,0
395,3
395,2
395,1
395,0
394,4
394,3
394,2
394,1
394,0
393,4
393,3
393,2
393,1
393,0
392,3
392,2
392,1
392,0
391,3
391,2
391,1
391,0
390,3
390,2
390,1
390,0
389,3
389,2
389,1
389,0
388,3
388,2
388,1
388,0
387,3
387,2
387,1
387,0
386,4
386,3
386,2
386,1
386,0
385,4
385,3
385,2
385,1
385,0
384,3
384,2
384,1
384,0
383,3
383,2
383,1
383,0
382,3
382,2
382,1
382,0
381,3
381,2
381,1
381,0
380,3
380,2
380,1
380,0
379,3
379,2
379,1
379,0
0,558
378,4
378,3
378,2
378,1
378,0
377,4
377,3
377,2
377,1
377,0
376,3
376,2
376,1
376,0
0,557
375,3
375,2
375,1
375,0
374,3
374,2
374,1
374,0
373,3
373,2
373,1
373,0
372,3
372,2
372,1
372,0
371,3
371,2
371,1
371,0
370,4
370,3
370,2
370,1
370,0
369,4
369,3
369,2
369,1
369,0
368,3
368,2
368,1
368,0
367,3
367,2
367,1
367,0
366,3
366,2
366,1
366,0
0,556
365,3
365,2
365,1
365,0
364,3
364,2
364,1
364,0
363,3
363,2
363,1
363,0
362,4
362,3
362,2
362,1
362,0
361,4
361,3
361,2
361,1
361,0
360,3
360,2
360,1
360,0
359,3
359,2
359,1
359,0
358,3
358,2
358,1
358,0
357,3
357,2
357,1
357,0
356,3
356,2
356,1
356,0
355,3
355,2
355,1
355,0
354,4
354,3
354,2
354,1
354,0
0,555
353,4
353,3
353,2
353,1
353,0
352,3
352,2
352,1
352,0
351,3
351,2
351,1
351,0
350,3
350,2
350,1
350,0
349,3
349,2
349,1
349,0
348,3
348,2
348,1
348,0
347,3
347,2
347,1
347,0
346,4
346,3
346,2
346,1
346,0
345,4
345,3
345,2
345,1
345,0
344,3
344,2
344,1
344,0
0,554
0,553
0,552
0,551
0,550
